  0.0000    2    6.000   1.0000          evt2
  6.0000    0   10.000   1.0000          NULL 
 16.0000    8    6.000   1.0000          evt8
 22.0000    0    4.000   1.0000          NULL 
 26.0000    2    6.000   1.0000          evt2
 32.0000    0    6.000   1.0000          NULL 
 38.0000    3    6.000   1.0000          evt3
 44.0000    0    4.000   1.0000          NULL 
 48.0000    7    6.000   1.0000          evt7
 54.0000    0   10.000   1.0000          NULL 
 64.0000    5    6.000   1.0000          evt5
 70.0000    0    4.000   1.0000          NULL 
 74.0000    7    6.000   1.0000          evt7
 80.0000    0    4.000   1.0000          NULL 
 84.0000    3    6.000   1.0000          evt3
 90.0000    0    4.000   1.0000          NULL 
 94.0000    4    6.000   1.0000          evt4
100.0000    0    4.000   1.0000          NULL 
104.0000    7    6.000   1.0000          evt7
110.0000    0   10.000   1.0000          NULL 
120.0000    7    6.000   1.0000          evt7
126.0000    0    4.000   1.0000          NULL 
130.0000    1    6.000   1.0000          evt1
136.0000    0    4.000   1.0000          NULL 
140.0000    4    6.000   1.0000          evt4
146.0000    0    4.000   1.0000          NULL 
150.0000    2    6.000   1.0000          evt2
156.0000    0    6.000   1.0000          NULL 
162.0000    2    6.000   1.0000          evt2
168.0000    0   12.000   1.0000          NULL 
180.0000    8    6.000   1.0000          evt8
186.0000    0    4.000   1.0000          NULL 
190.0000    8    6.000   1.0000          evt8
196.0000    0    4.000   1.0000          NULL 
200.0000    5    6.000   1.0000          evt5
206.0000    0   10.000   1.0000          NULL 
216.0000    1    6.000   1.0000          evt1
222.0000    0    4.000   1.0000          NULL 
226.0000    6    6.000   1.0000          evt6
232.0000    0    4.000   1.0000          NULL 
236.0000    6    6.000   1.0000          evt6
242.0000    0    6.000   1.0000          NULL 
248.0000    5    6.000   1.0000          evt5
254.0000    0    4.000   1.0000          NULL 
258.0000    4    6.000   1.0000          evt4
264.0000    0    8.000   1.0000          NULL 
272.0000    8    6.000   1.0000          evt8
278.0000    0    4.000   1.0000          NULL 
282.0000    3    6.000   1.0000          evt3
288.0000    0    8.000   1.0000          NULL 
296.0000    4    6.000   1.0000          evt4
302.0000    0   12.000   1.0000          NULL 
314.0000    7    6.000   1.0000          evt7
320.0000    0    6.000   1.0000          NULL 
326.0000    5    6.000   1.0000          evt5
332.0000    0    4.000   1.0000          NULL 
336.0000    3    6.000   1.0000          evt3
342.0000    0    6.000   1.0000          NULL 
348.0000    2    6.000   1.0000          evt2
354.0000    0    4.000   1.0000          NULL 
358.0000    1    6.000   1.0000          evt1
364.0000    0   10.000   1.0000          NULL 
374.0000    4    6.000   1.0000          evt4
380.0000    0    4.000   1.0000          NULL 
384.0000    5    6.000   1.0000          evt5
390.0000    0    6.000   1.0000          NULL 
396.0000    6    6.000   1.0000          evt6
402.0000    0    8.000   1.0000          NULL 
410.0000    6    6.000   1.0000          evt6
416.0000    0    6.000   1.0000          NULL 
422.0000    1    6.000   1.0000          evt1
428.0000    0    4.000   1.0000          NULL 
432.0000    1    6.000   1.0000          evt1
438.0000    0    4.000   1.0000          NULL 
442.0000    3    6.000   1.0000          evt3
448.0000    0    6.000   1.0000          NULL 
454.0000    6    6.000   1.0000          evt6
460.0000    0    4.000   1.0000          NULL 
464.0000    8    6.000   1.0000          evt8
470.0000    0   10.000   1.0000          NULL 
