  4.0000    2    6.000   1.0000      chunk_R2
 10.0000    0    4.000   1.0000          NULL 
 14.0000    8    6.000   1.0000      chunk_C4
 20.0000    0    4.000   1.0000          NULL 
 24.0000    1    6.000   1.0000      chunk_R1
 30.0000    0    4.000   1.0000          NULL 
 34.0000    3    6.000   1.0000      chunk_R3
 40.0000    0    4.000   1.0000          NULL 
 44.0000    3    6.000   1.0000      chunk_R3
 50.0000    0    4.000   1.0000          NULL 
 54.0000    7    6.000   1.0000      chunk_C3
 60.0000    0    6.000   1.0000          NULL 
 66.0000    7    6.000   1.0000      chunk_C3
 72.0000    0    4.000   1.0000          NULL 
 76.0000    1    6.000   1.0000      chunk_R1
 82.0000    0    4.000   1.0000          NULL 
 86.0000    1    6.000   1.0000      chunk_R1
 92.0000    0    8.000   1.0000          NULL 
100.0000    6    6.000   1.0000      chunk_C2
106.0000    0    4.000   1.0000          NULL 
110.0000    2    6.000   1.0000      chunk_R2
116.0000    0    6.000   1.0000          NULL 
122.0000    2    6.000   1.0000      chunk_R2
128.0000    0    6.000   1.0000          NULL 
134.0000    7    6.000   1.0000      chunk_C3
140.0000    0    4.000   1.0000          NULL 
144.0000    4    6.000   1.0000      chunk_R4
150.0000    0    4.000   1.0000          NULL 
154.0000    1    6.000   1.0000      chunk_R1
160.0000    0    8.000   1.0000          NULL 
168.0000    3    6.000   1.0000      chunk_R3
174.0000    0   10.000   1.0000          NULL 
184.0000    8    6.000   1.0000      chunk_C4
190.0000    0    4.000   1.0000          NULL 
194.0000    5    6.000   1.0000      chunk_C1
200.0000    0    6.000   1.0000          NULL 
206.0000    3    6.000   1.0000      chunk_R3
212.0000    0    6.000   1.0000          NULL 
218.0000    5    6.000   1.0000      chunk_C1
224.0000    0    4.000   1.0000          NULL 
228.0000    3    6.000   1.0000      chunk_R3
234.0000    0    4.000   1.0000          NULL 
238.0000    4    6.000   1.0000      chunk_R4
244.0000    0    8.000   1.0000          NULL 
252.0000    6    6.000   1.0000      chunk_C2
258.0000    0    4.000   1.0000          NULL 
262.0000    4    6.000   1.0000      chunk_R4
268.0000    0    4.000   1.0000          NULL 
272.0000    2    6.000   1.0000      chunk_R2
278.0000    0    4.000   1.0000          NULL 
282.0000    4    6.000   1.0000      chunk_R4
288.0000    0    6.000   1.0000          NULL 
294.0000    2    6.000   1.0000      chunk_R2
300.0000    0    4.000   1.0000          NULL 
304.0000    5    6.000   1.0000      chunk_C1
310.0000    0   10.000   1.0000          NULL 
320.0000    1    6.000   1.0000      chunk_R1
326.0000    0    4.000   1.0000          NULL 
330.0000    6    6.000   1.0000      chunk_C2
336.0000    0    8.000   1.0000          NULL 
344.0000    5    6.000   1.0000      chunk_C1
350.0000    0   10.000   1.0000          NULL 
360.0000    6    6.000   1.0000      chunk_C2
366.0000    0    8.000   1.0000          NULL 
374.0000    7    6.000   1.0000      chunk_C3
380.0000    0    4.000   1.0000          NULL 
384.0000    6    6.000   1.0000      chunk_C2
390.0000    0   10.000   1.0000          NULL 
400.0000    8    6.000   1.0000      chunk_C4
406.0000    0    4.000   1.0000          NULL 
410.0000    7    6.000   1.0000      chunk_C3
416.0000    0   10.000   1.0000          NULL 
426.0000    4    6.000   1.0000      chunk_R4
432.0000    0    6.000   1.0000          NULL 
438.0000    8    6.000   1.0000      chunk_C4
444.0000    0    8.000   1.0000          NULL 
452.0000    8    6.000   1.0000      chunk_C4
458.0000    0    8.000   1.0000          NULL 
466.0000    5    6.000   1.0000      chunk_C1
472.0000    0    8.000   1.0000          NULL 
