  4.0000    6    6.000   1.0000      chunk_C2
 10.0000    0    6.000   1.0000          NULL 
 16.0000    2    6.000   1.0000      chunk_R2
 22.0000    0    4.000   1.0000          NULL 
 26.0000    5    6.000   1.0000      chunk_C1
 32.0000    0    8.000   1.0000          NULL 
 40.0000    2    6.000   1.0000      chunk_R2
 46.0000    0    8.000   1.0000          NULL 
 54.0000    7    6.000   1.0000      chunk_C3
 60.0000    0   10.000   1.0000          NULL 
 70.0000    3    6.000   1.0000      chunk_R3
 76.0000    0    4.000   1.0000          NULL 
 80.0000    4    6.000   1.0000      chunk_R4
 86.0000    0    4.000   1.0000          NULL 
 90.0000    7    6.000   1.0000      chunk_C3
 96.0000    0    4.000   1.0000          NULL 
100.0000    8    6.000   1.0000      chunk_C4
106.0000    0    4.000   1.0000          NULL 
110.0000    4    6.000   1.0000      chunk_R4
116.0000    0    6.000   1.0000          NULL 
122.0000    8    6.000   1.0000      chunk_C4
128.0000    0    8.000   1.0000          NULL 
136.0000    5    6.000   1.0000      chunk_C1
142.0000    0    6.000   1.0000          NULL 
148.0000    5    6.000   1.0000      chunk_C1
154.0000    0    4.000   1.0000          NULL 
158.0000    5    6.000   1.0000      chunk_C1
164.0000    0    4.000   1.0000          NULL 
168.0000    8    6.000   1.0000      chunk_C4
174.0000    0    4.000   1.0000          NULL 
178.0000    1    6.000   1.0000      chunk_R1
184.0000    0    6.000   1.0000          NULL 
190.0000    4    6.000   1.0000      chunk_R4
196.0000    0    4.000   1.0000          NULL 
200.0000    2    6.000   1.0000      chunk_R2
206.0000    0    6.000   1.0000          NULL 
212.0000    2    6.000   1.0000      chunk_R2
218.0000    0    6.000   1.0000          NULL 
224.0000    1    6.000   1.0000      chunk_R1
230.0000    0    4.000   1.0000          NULL 
234.0000    3    6.000   1.0000      chunk_R3
240.0000    0   10.000   1.0000          NULL 
250.0000    1    6.000   1.0000      chunk_R1
256.0000    0   12.000   1.0000          NULL 
268.0000    3    6.000   1.0000      chunk_R3
274.0000    0    8.000   1.0000          NULL 
282.0000    4    6.000   1.0000      chunk_R4
288.0000    0   10.000   1.0000          NULL 
298.0000    8    6.000   1.0000      chunk_C4
304.0000    0    4.000   1.0000          NULL 
308.0000    5    6.000   1.0000      chunk_C1
314.0000    0    4.000   1.0000          NULL 
318.0000    7    6.000   1.0000      chunk_C3
324.0000    0    6.000   1.0000          NULL 
330.0000    3    6.000   1.0000      chunk_R3
336.0000    0    8.000   1.0000          NULL 
344.0000    7    6.000   1.0000      chunk_C3
350.0000    0    6.000   1.0000          NULL 
356.0000    7    6.000   1.0000      chunk_C3
362.0000    0    6.000   1.0000          NULL 
368.0000    6    6.000   1.0000      chunk_C2
374.0000    0   12.000   1.0000          NULL 
386.0000    6    6.000   1.0000      chunk_C2
392.0000    0    4.000   1.0000          NULL 
396.0000    1    6.000   1.0000      chunk_R1
402.0000    0    4.000   1.0000          NULL 
406.0000    2    6.000   1.0000      chunk_R2
412.0000    0    4.000   1.0000          NULL 
416.0000    4    6.000   1.0000      chunk_R4
422.0000    0    6.000   1.0000          NULL 
428.0000    1    6.000   1.0000      chunk_R1
434.0000    0    4.000   1.0000          NULL 
438.0000    6    6.000   1.0000      chunk_C2
444.0000    0    4.000   1.0000          NULL 
448.0000    6    6.000   1.0000      chunk_C2
454.0000    0    4.000   1.0000          NULL 
458.0000    8    6.000   1.0000      chunk_C4
464.0000    0    4.000   1.0000          NULL 
468.0000    3    6.000   1.0000      chunk_R3
474.0000    0    6.000   1.0000          NULL 
