  4.0000    8    6.000   1.0000      chunk_C4
 10.0000    0    4.000   1.0000          NULL 
 14.0000    1    6.000   1.0000      chunk_R1
 20.0000    0    6.000   1.0000          NULL 
 26.0000    1    6.000   1.0000      chunk_R1
 32.0000    0    4.000   1.0000          NULL 
 36.0000    7    6.000   1.0000      chunk_C3
 42.0000    0    4.000   1.0000          NULL 
 46.0000    5    6.000   1.0000      chunk_C1
 52.0000    0    6.000   1.0000          NULL 
 58.0000    7    6.000   1.0000      chunk_C3
 64.0000    0    8.000   1.0000          NULL 
 72.0000    6    6.000   1.0000      chunk_C2
 78.0000    0    4.000   1.0000          NULL 
 82.0000    2    6.000   1.0000      chunk_R2
 88.0000    0    6.000   1.0000          NULL 
 94.0000    8    6.000   1.0000      chunk_C4
100.0000    0    4.000   1.0000          NULL 
104.0000    7    6.000   1.0000      chunk_C3
110.0000    0    4.000   1.0000          NULL 
114.0000    2    6.000   1.0000      chunk_R2
120.0000    0    4.000   1.0000          NULL 
124.0000    8    6.000   1.0000      chunk_C4
130.0000    0    4.000   1.0000          NULL 
134.0000    5    6.000   1.0000      chunk_C1
140.0000    0    4.000   1.0000          NULL 
144.0000    4    6.000   1.0000      chunk_R4
150.0000    0    8.000   1.0000          NULL 
158.0000    1    6.000   1.0000      chunk_R1
164.0000    0    4.000   1.0000          NULL 
168.0000    4    6.000   1.0000      chunk_R4
174.0000    0    4.000   1.0000          NULL 
178.0000    8    6.000   1.0000      chunk_C4
184.0000    0    6.000   1.0000          NULL 
190.0000    5    6.000   1.0000      chunk_C1
196.0000    0   10.000   1.0000          NULL 
206.0000    3    6.000   1.0000      chunk_R3
212.0000    0    6.000   1.0000          NULL 
218.0000    2    6.000   1.0000      chunk_R2
224.0000    0    4.000   1.0000          NULL 
228.0000    7    6.000   1.0000      chunk_C3
234.0000    0    4.000   1.0000          NULL 
238.0000    6    6.000   1.0000      chunk_C2
244.0000    0    6.000   1.0000          NULL 
250.0000    4    6.000   1.0000      chunk_R4
256.0000    0    4.000   1.0000          NULL 
260.0000    1    6.000   1.0000      chunk_R1
266.0000    0   10.000   1.0000          NULL 
276.0000    6    6.000   1.0000      chunk_C2
282.0000    0    4.000   1.0000          NULL 
286.0000    6    6.000   1.0000      chunk_C2
292.0000    0    4.000   1.0000          NULL 
296.0000    3    6.000   1.0000      chunk_R3
302.0000    0   10.000   1.0000          NULL 
312.0000    5    6.000   1.0000      chunk_C1
318.0000    0    4.000   1.0000          NULL 
322.0000    3    6.000   1.0000      chunk_R3
328.0000    0    4.000   1.0000          NULL 
332.0000    6    6.000   1.0000      chunk_C2
338.0000    0    4.000   1.0000          NULL 
342.0000    8    6.000   1.0000      chunk_C4
348.0000    0    4.000   1.0000          NULL 
352.0000    3    6.000   1.0000      chunk_R3
358.0000    0    8.000   1.0000          NULL 
366.0000    5    6.000   1.0000      chunk_C1
372.0000    0    6.000   1.0000          NULL 
378.0000    4    6.000   1.0000      chunk_R4
384.0000    0   12.000   1.0000          NULL 
396.0000    2    6.000   1.0000      chunk_R2
402.0000    0   12.000   1.0000          NULL 
414.0000    2    6.000   1.0000      chunk_R2
420.0000    0    6.000   1.0000          NULL 
426.0000    7    6.000   1.0000      chunk_C3
432.0000    0   12.000   1.0000          NULL 
444.0000    4    6.000   1.0000      chunk_R4
450.0000    0    6.000   1.0000          NULL 
456.0000    3    6.000   1.0000      chunk_R3
462.0000    0    4.000   1.0000          NULL 
466.0000    1    6.000   1.0000      chunk_R1
472.0000    0    8.000   1.0000          NULL 
