  0.0000    6    6.000   1.0000          evt6
  6.0000    0    4.000   1.0000          NULL 
 10.0000    2    6.000   1.0000          evt2
 16.0000    0    4.000   1.0000          NULL 
 20.0000    1    6.000   1.0000          evt1
 26.0000    0    6.000   1.0000          NULL 
 32.0000    3    6.000   1.0000          evt3
 38.0000    0    4.000   1.0000          NULL 
 42.0000    8    6.000   1.0000          evt8
 48.0000    0    8.000   1.0000          NULL 
 56.0000    6    6.000   1.0000          evt6
 62.0000    0    4.000   1.0000          NULL 
 66.0000    6    6.000   1.0000          evt6
 72.0000    0    4.000   1.0000          NULL 
 76.0000    4    6.000   1.0000          evt4
 82.0000    0   14.000   1.0000          NULL 
 96.0000    4    6.000   1.0000          evt4
102.0000    0    6.000   1.0000          NULL 
108.0000    3    6.000   1.0000          evt3
114.0000    0   10.000   1.0000          NULL 
124.0000    4    6.000   1.0000          evt4
130.0000    0    4.000   1.0000          NULL 
134.0000    6    6.000   1.0000          evt6
140.0000    0    4.000   1.0000          NULL 
144.0000    8    6.000   1.0000          evt8
150.0000    0    4.000   1.0000          NULL 
154.0000    7    6.000   1.0000          evt7
160.0000    0   10.000   1.0000          NULL 
170.0000    2    6.000   1.0000          evt2
176.0000    0    4.000   1.0000          NULL 
180.0000    4    6.000   1.0000          evt4
186.0000    0    4.000   1.0000          NULL 
190.0000    7    6.000   1.0000          evt7
196.0000    0    8.000   1.0000          NULL 
204.0000    7    6.000   1.0000          evt7
210.0000    0    8.000   1.0000          NULL 
218.0000    1    6.000   1.0000          evt1
224.0000    0    6.000   1.0000          NULL 
230.0000    2    6.000   1.0000          evt2
236.0000    0    4.000   1.0000          NULL 
240.0000    2    6.000   1.0000          evt2
246.0000    0    6.000   1.0000          NULL 
252.0000    3    6.000   1.0000          evt3
258.0000    0   12.000   1.0000          NULL 
270.0000    7    6.000   1.0000          evt7
276.0000    0    4.000   1.0000          NULL 
280.0000    7    6.000   1.0000          evt7
286.0000    0    4.000   1.0000          NULL 
290.0000    5    6.000   1.0000          evt5
296.0000    0    4.000   1.0000          NULL 
300.0000    8    6.000   1.0000          evt8
306.0000    0    4.000   1.0000          NULL 
310.0000    1    6.000   1.0000          evt1
316.0000    0    4.000   1.0000          NULL 
320.0000    3    6.000   1.0000          evt3
326.0000    0    4.000   1.0000          NULL 
330.0000    5    6.000   1.0000          evt5
336.0000    0    4.000   1.0000          NULL 
340.0000    4    6.000   1.0000          evt4
346.0000    0    4.000   1.0000          NULL 
350.0000    5    6.000   1.0000          evt5
356.0000    0    6.000   1.0000          NULL 
362.0000    5    6.000   1.0000          evt5
368.0000    0   10.000   1.0000          NULL 
378.0000    1    6.000   1.0000          evt1
384.0000    0    4.000   1.0000          NULL 
388.0000    5    6.000   1.0000          evt5
394.0000    0    4.000   1.0000          NULL 
398.0000    3    6.000   1.0000          evt3
404.0000    0    6.000   1.0000          NULL 
410.0000    6    6.000   1.0000          evt6
416.0000    0    6.000   1.0000          NULL 
422.0000    8    6.000   1.0000          evt8
428.0000    0   10.000   1.0000          NULL 
438.0000    8    6.000   1.0000          evt8
444.0000    0    6.000   1.0000          NULL 
450.0000    2    6.000   1.0000          evt2
456.0000    0    8.000   1.0000          NULL 
464.0000    1    6.000   1.0000          evt1
470.0000    0   10.000   1.0000          NULL 
