  0.0000    5    6.000   1.0000          evt5
  6.0000    0    8.000   1.0000          NULL 
 14.0000    1    6.000   1.0000          evt1
 20.0000    0   10.000   1.0000          NULL 
 30.0000    5    6.000   1.0000          evt5
 36.0000    0    8.000   1.0000          NULL 
 44.0000    2    6.000   1.0000          evt2
 50.0000    0    4.000   1.0000          NULL 
 54.0000    3    6.000   1.0000          evt3
 60.0000    0    4.000   1.0000          NULL 
 64.0000    6    6.000   1.0000          evt6
 70.0000    0    8.000   1.0000          NULL 
 78.0000    1    6.000   1.0000          evt1
 84.0000    0    6.000   1.0000          NULL 
 90.0000    3    6.000   1.0000          evt3
 96.0000    0    6.000   1.0000          NULL 
102.0000    1    6.000   1.0000          evt1
108.0000    0    4.000   1.0000          NULL 
112.0000    3    6.000   1.0000          evt3
118.0000    0    6.000   1.0000          NULL 
124.0000    7    6.000   1.0000          evt7
130.0000    0   10.000   1.0000          NULL 
140.0000    4    6.000   1.0000          evt4
146.0000    0    6.000   1.0000          NULL 
152.0000    7    6.000   1.0000          evt7
158.0000    0   10.000   1.0000          NULL 
168.0000    6    6.000   1.0000          evt6
174.0000    0    4.000   1.0000          NULL 
178.0000    5    6.000   1.0000          evt5
184.0000    0    4.000   1.0000          NULL 
188.0000    6    6.000   1.0000          evt6
194.0000    0    4.000   1.0000          NULL 
198.0000    2    6.000   1.0000          evt2
204.0000    0   10.000   1.0000          NULL 
214.0000    6    6.000   1.0000          evt6
220.0000    0    4.000   1.0000          NULL 
224.0000    8    6.000   1.0000          evt8
230.0000    0    6.000   1.0000          NULL 
236.0000    5    6.000   1.0000          evt5
242.0000    0    6.000   1.0000          NULL 
248.0000    7    6.000   1.0000          evt7
254.0000    0    4.000   1.0000          NULL 
258.0000    3    6.000   1.0000          evt3
264.0000    0    6.000   1.0000          NULL 
270.0000    4    6.000   1.0000          evt4
276.0000    0    4.000   1.0000          NULL 
280.0000    3    6.000   1.0000          evt3
286.0000    0   10.000   1.0000          NULL 
296.0000    7    6.000   1.0000          evt7
302.0000    0    6.000   1.0000          NULL 
308.0000    2    6.000   1.0000          evt2
314.0000    0    6.000   1.0000          NULL 
320.0000    6    6.000   1.0000          evt6
326.0000    0    8.000   1.0000          NULL 
334.0000    5    6.000   1.0000          evt5
340.0000    0    4.000   1.0000          NULL 
344.0000    1    6.000   1.0000          evt1
350.0000    0    6.000   1.0000          NULL 
356.0000    8    6.000   1.0000          evt8
362.0000    0    4.000   1.0000          NULL 
366.0000    8    6.000   1.0000          evt8
372.0000    0    6.000   1.0000          NULL 
378.0000    4    6.000   1.0000          evt4
384.0000    0    6.000   1.0000          NULL 
390.0000    1    6.000   1.0000          evt1
396.0000    0    4.000   1.0000          NULL 
400.0000    2    6.000   1.0000          evt2
406.0000    0    4.000   1.0000          NULL 
410.0000    8    6.000   1.0000          evt8
416.0000    0    4.000   1.0000          NULL 
420.0000    4    6.000   1.0000          evt4
426.0000    0    4.000   1.0000          NULL 
430.0000    4    6.000   1.0000          evt4
436.0000    0    4.000   1.0000          NULL 
440.0000    8    6.000   1.0000          evt8
446.0000    0    8.000   1.0000          NULL 
454.0000    2    6.000   1.0000          evt2
460.0000    0    4.000   1.0000          NULL 
464.0000    7    6.000   1.0000          evt7
470.0000    0   10.000   1.0000          NULL 
