  0.0000    8    6.000   1.0000          evt8
  6.0000    0    4.000   1.0000          NULL 
 10.0000    3    6.000   1.0000          evt3
 16.0000    0    4.000   1.0000          NULL 
 20.0000    3    6.000   1.0000          evt3
 26.0000    0    6.000   1.0000          NULL 
 32.0000    6    6.000   1.0000          evt6
 38.0000    0    4.000   1.0000          NULL 
 42.0000    4    6.000   1.0000          evt4
 48.0000    0    4.000   1.0000          NULL 
 52.0000    4    6.000   1.0000          evt4
 58.0000    0    8.000   1.0000          NULL 
 66.0000    5    6.000   1.0000          evt5
 72.0000    0    4.000   1.0000          NULL 
 76.0000    1    6.000   1.0000          evt1
 82.0000    0    4.000   1.0000          NULL 
 86.0000    1    6.000   1.0000          evt1
 92.0000    0    4.000   1.0000          NULL 
 96.0000    6    6.000   1.0000          evt6
102.0000    0    4.000   1.0000          NULL 
106.0000    3    6.000   1.0000          evt3
112.0000    0    4.000   1.0000          NULL 
116.0000    1    6.000   1.0000          evt1
122.0000    0    4.000   1.0000          NULL 
126.0000    4    6.000   1.0000          evt4
132.0000    0    4.000   1.0000          NULL 
136.0000    5    6.000   1.0000          evt5
142.0000    0    4.000   1.0000          NULL 
146.0000    8    6.000   1.0000          evt8
152.0000    0   10.000   1.0000          NULL 
162.0000    2    6.000   1.0000          evt2
168.0000    0    6.000   1.0000          NULL 
174.0000    4    6.000   1.0000          evt4
180.0000    0    8.000   1.0000          NULL 
188.0000    6    6.000   1.0000          evt6
194.0000    0    4.000   1.0000          NULL 
198.0000    8    6.000   1.0000          evt8
204.0000    0    4.000   1.0000          NULL 
208.0000    7    6.000   1.0000          evt7
214.0000    0    4.000   1.0000          NULL 
218.0000    1    6.000   1.0000          evt1
224.0000    0   12.000   1.0000          NULL 
236.0000    1    6.000   1.0000          evt1
242.0000    0    6.000   1.0000          NULL 
248.0000    3    6.000   1.0000          evt3
254.0000    0    6.000   1.0000          NULL 
260.0000    4    6.000   1.0000          evt4
266.0000    0    4.000   1.0000          NULL 
270.0000    2    6.000   1.0000          evt2
276.0000    0    4.000   1.0000          NULL 
280.0000    7    6.000   1.0000          evt7
286.0000    0   14.000   1.0000          NULL 
300.0000    8    6.000   1.0000          evt8
306.0000    0    4.000   1.0000          NULL 
310.0000    5    6.000   1.0000          evt5
316.0000    0    8.000   1.0000          NULL 
324.0000    7    6.000   1.0000          evt7
330.0000    0    4.000   1.0000          NULL 
334.0000    7    6.000   1.0000          evt7
340.0000    0    8.000   1.0000          NULL 
348.0000    7    6.000   1.0000          evt7
354.0000    0    8.000   1.0000          NULL 
362.0000    2    6.000   1.0000          evt2
368.0000    0    6.000   1.0000          NULL 
374.0000    8    6.000   1.0000          evt8
380.0000    0    4.000   1.0000          NULL 
384.0000    6    6.000   1.0000          evt6
390.0000    0    8.000   1.0000          NULL 
398.0000    3    6.000   1.0000          evt3
404.0000    0   10.000   1.0000          NULL 
414.0000    6    6.000   1.0000          evt6
420.0000    0   10.000   1.0000          NULL 
430.0000    5    6.000   1.0000          evt5
436.0000    0    4.000   1.0000          NULL 
440.0000    5    6.000   1.0000          evt5
446.0000    0    4.000   1.0000          NULL 
450.0000    2    6.000   1.0000          evt2
456.0000    0    8.000   1.0000          NULL 
464.0000    2    6.000   1.0000          evt2
470.0000    0   10.000   1.0000          NULL 
