  0.0000    4    6.000   1.0000          evt4
  6.0000    0    4.000   1.0000          NULL 
 10.0000    8    6.000   1.0000          evt8
 16.0000    0    6.000   1.0000          NULL 
 22.0000    8    6.000   1.0000          evt8
 28.0000    0    4.000   1.0000          NULL 
 32.0000    6    6.000   1.0000          evt6
 38.0000    0    4.000   1.0000          NULL 
 42.0000    2    6.000   1.0000          evt2
 48.0000    0    6.000   1.0000          NULL 
 54.0000    2    6.000   1.0000          evt2
 60.0000    0    4.000   1.0000          NULL 
 64.0000    1    6.000   1.0000          evt1
 70.0000    0    6.000   1.0000          NULL 
 76.0000    8    6.000   1.0000          evt8
 82.0000    0    4.000   1.0000          NULL 
 86.0000    2    6.000   1.0000          evt2
 92.0000    0    4.000   1.0000          NULL 
 96.0000    4    6.000   1.0000          evt4
102.0000    0    4.000   1.0000          NULL 
106.0000    3    6.000   1.0000          evt3
112.0000    0    6.000   1.0000          NULL 
118.0000    3    6.000   1.0000          evt3
124.0000    0    4.000   1.0000          NULL 
128.0000    7    6.000   1.0000          evt7
134.0000    0   10.000   1.0000          NULL 
144.0000    1    6.000   1.0000          evt1
150.0000    0    8.000   1.0000          NULL 
158.0000    6    6.000   1.0000          evt6
164.0000    0   12.000   1.0000          NULL 
176.0000    6    6.000   1.0000          evt6
182.0000    0    4.000   1.0000          NULL 
186.0000    1    6.000   1.0000          evt1
192.0000    0    4.000   1.0000          NULL 
196.0000    7    6.000   1.0000          evt7
202.0000    0    6.000   1.0000          NULL 
208.0000    7    6.000   1.0000          evt7
214.0000    0    6.000   1.0000          NULL 
220.0000    6    6.000   1.0000          evt6
226.0000    0    4.000   1.0000          NULL 
230.0000    5    6.000   1.0000          evt5
236.0000    0    6.000   1.0000          NULL 
242.0000    2    6.000   1.0000          evt2
248.0000    0    4.000   1.0000          NULL 
252.0000    6    6.000   1.0000          evt6
258.0000    0    6.000   1.0000          NULL 
264.0000    3    6.000   1.0000          evt3
270.0000    0   10.000   1.0000          NULL 
280.0000    3    6.000   1.0000          evt3
286.0000    0    4.000   1.0000          NULL 
290.0000    4    6.000   1.0000          evt4
296.0000    0    8.000   1.0000          NULL 
304.0000    7    6.000   1.0000          evt7
310.0000    0    4.000   1.0000          NULL 
314.0000    4    6.000   1.0000          evt4
320.0000    0   10.000   1.0000          NULL 
330.0000    7    6.000   1.0000          evt7
336.0000    0    6.000   1.0000          NULL 
342.0000    8    6.000   1.0000          evt8
348.0000    0    4.000   1.0000          NULL 
352.0000    5    6.000   1.0000          evt5
358.0000    0    4.000   1.0000          NULL 
362.0000    3    6.000   1.0000          evt3
368.0000    0   10.000   1.0000          NULL 
378.0000    5    6.000   1.0000          evt5
384.0000    0    8.000   1.0000          NULL 
392.0000    4    6.000   1.0000          evt4
398.0000    0    4.000   1.0000          NULL 
402.0000    1    6.000   1.0000          evt1
408.0000    0    8.000   1.0000          NULL 
416.0000    2    6.000   1.0000          evt2
422.0000    0   10.000   1.0000          NULL 
432.0000    1    6.000   1.0000          evt1
438.0000    0    4.000   1.0000          NULL 
442.0000    5    6.000   1.0000          evt5
448.0000    0    6.000   1.0000          NULL 
454.0000    8    6.000   1.0000          evt8
460.0000    0    6.000   1.0000          NULL 
466.0000    5    6.000   1.0000          evt5
472.0000    0    8.000   1.0000          NULL 
