  4.0000    3    6.000   1.0000      chunk_R3
 10.0000    0   10.000   1.0000          NULL 
 20.0000    7    6.000   1.0000      chunk_C3
 26.0000    0   12.000   1.0000          NULL 
 38.0000    3    6.000   1.0000      chunk_R3
 44.0000    0    6.000   1.0000          NULL 
 50.0000    2    6.000   1.0000      chunk_R2
 56.0000    0   10.000   1.0000          NULL 
 66.0000    4    6.000   1.0000      chunk_R4
 72.0000    0    8.000   1.0000          NULL 
 80.0000    5    6.000   1.0000      chunk_C1
 86.0000    0   10.000   1.0000          NULL 
 96.0000    8    6.000   1.0000      chunk_C4
102.0000    0    4.000   1.0000          NULL 
106.0000    2    6.000   1.0000      chunk_R2
112.0000    0   10.000   1.0000          NULL 
122.0000    8    6.000   1.0000      chunk_C4
128.0000    0    6.000   1.0000          NULL 
134.0000    4    6.000   1.0000      chunk_R4
140.0000    0    4.000   1.0000          NULL 
144.0000    2    6.000   1.0000      chunk_R2
150.0000    0    6.000   1.0000          NULL 
156.0000    7    6.000   1.0000      chunk_C3
162.0000    0   10.000   1.0000          NULL 
172.0000    1    6.000   1.0000      chunk_R1
178.0000    0    4.000   1.0000          NULL 
182.0000    5    6.000   1.0000      chunk_C1
188.0000    0    4.000   1.0000          NULL 
192.0000    3    6.000   1.0000      chunk_R3
198.0000    0   14.000   1.0000          NULL 
212.0000    8    6.000   1.0000      chunk_C4
218.0000    0   12.000   1.0000          NULL 
230.0000    5    6.000   1.0000      chunk_C1
236.0000    0    6.000   1.0000          NULL 
242.0000    5    6.000   1.0000      chunk_C1
248.0000    0    6.000   1.0000          NULL 
254.0000    7    6.000   1.0000      chunk_C3
260.0000    0    4.000   1.0000          NULL 
264.0000    6    6.000   1.0000      chunk_C2
270.0000    0    4.000   1.0000          NULL 
274.0000    6    6.000   1.0000      chunk_C2
280.0000    0   10.000   1.0000          NULL 
290.0000    4    6.000   1.0000      chunk_R4
296.0000    0    6.000   1.0000          NULL 
302.0000    8    6.000   1.0000      chunk_C4
308.0000    0   10.000   1.0000          NULL 
318.0000    7    6.000   1.0000      chunk_C3
324.0000    0    8.000   1.0000          NULL 
332.0000    3    6.000   1.0000      chunk_R3
338.0000    0   10.000   1.0000          NULL 
348.0000    8    6.000   1.0000      chunk_C4
354.0000    0   10.000   1.0000          NULL 
364.0000    1    6.000   1.0000      chunk_R1
370.0000    0   12.000   1.0000          NULL 
382.0000    1    6.000   1.0000      chunk_R1
388.0000    0   14.000   1.0000          NULL 
402.0000    2    6.000   1.0000      chunk_R2
408.0000    0    4.000   1.0000          NULL 
412.0000    7    6.000   1.0000      chunk_C3
418.0000    0   10.000   1.0000          NULL 
428.0000    3    6.000   1.0000      chunk_R3
434.0000    0    6.000   1.0000          NULL 
440.0000    4    6.000   1.0000      chunk_R4
446.0000    0    4.000   1.0000          NULL 
450.0000    6    6.000   1.0000      chunk_C2
456.0000    0    6.000   1.0000          NULL 
462.0000    1    6.000   1.0000      chunk_R1
468.0000    0    4.000   1.0000          NULL 
472.0000    4    6.000   1.0000      chunk_R4
478.0000    0   16.000   1.0000          NULL 
494.0000    1    6.000   1.0000      chunk_R1
500.0000    0    4.000   1.0000          NULL 
504.0000    6    6.000   1.0000      chunk_C2
510.0000    0    6.000   1.0000          NULL 
516.0000    5    6.000   1.0000      chunk_C1
522.0000    0    8.000   1.0000          NULL 
530.0000    6    6.000   1.0000      chunk_C2
536.0000    0    8.000   1.0000          NULL 
544.0000    2    6.000   1.0000      chunk_R2
550.0000    0   10.000   1.0000          NULL 
